4
16
0.5580127019 0.5580127019 -0.2165063509 -0.2165063509 -0.0193375673 -0.0193375673 -0.2813846069 0.4257221742 0.2868486506 -0.3255237851 0.2489454789 -0.1046079116 -0.3255237851 0.2868486506 0.2489454789 -0.1046079116 
-0.0193375673 -0.0193375673 0.4257221742 -0.2813846069 0.5580127019 0.5580127019 -0.2165063509 -0.2165063509 0.2868486506 -0.3255237851 -0.1046079116 0.2489454789 -0.3255237851 0.2868486506 -0.1046079116 0.2489454789 
0.08272450532 -0.1213996399 -0.1046079116 0.2489454789 0.08272450532 -0.1213996399 0.2489454789 -0.1046079116 0.9275858578 0.1110892768 -0.07216878365 -0.07216878365 -0.1847865779 0.2234617125 -0.07216878365 -0.07216878365 
-0.1213996399 0.08272450532 -0.1046079116 0.2489454789 -0.1213996399 0.08272450532 0.2489454789 -0.1046079116 0.2234617125 -0.1847865779 -0.07216878365 -0.07216878365 0.1110892768 0.9275858578 -0.07216878365 -0.07216878365 
0.5580127019 0.5580127019 -0.2165063509 -0.2165063509 -0.0193375673 -0.0193375673 0.4257221742 -0.2813846069 -0.3255237851 0.2868486506 -0.1046079116 0.2489454789 0.2868486506 -0.3255237851 -0.1046079116 0.2489454789 
-0.0193375673 -0.0193375673 -0.2813846069 0.4257221742 0.5580127019 0.5580127019 -0.2165063509 -0.2165063509 -0.3255237851 0.2868486506 0.2489454789 -0.1046079116 0.2868486506 -0.3255237851 0.2489454789 -0.1046079116 
-0.1213996399 0.08272450532 0.2489454789 -0.1046079116 -0.1213996399 0.08272450532 -0.1046079116 0.2489454789 0.1110892768 0.9275858578 -0.07216878365 -0.07216878365 0.2234617125 -0.1847865779 -0.07216878365 -0.07216878365 
0.08272450532 -0.1213996399 0.2489454789 -0.1046079116 0.08272450532 -0.1213996399 -0.1046079116 0.2489454789 -0.1847865779 0.2234617125 -0.07216878365 -0.07216878365 0.9275858578 0.1110892768 -0.07216878365 -0.07216878365 
0.2165063509 0.2165063509 -0.3080127019 -0.3080127019 0.2813846069 -0.4257221742 0.2693375673 0.2693375673 -0.2489454789 0.1046079116 0.5755237851 -0.03684865055 -0.2489454789 0.1046079116 -0.03684865055 0.5755237851 
-0.4257221742 0.2813846069 0.2693375673 0.2693375673 0.2165063509 0.2165063509 -0.3080127019 -0.3080127019 0.1046079116 -0.2489454789 0.5755237851 -0.03684865055 0.1046079116 -0.2489454789 -0.03684865055 0.5755237851 
0.1046079116 -0.2489454789 0.3713996399 0.1672754947 -0.2489454789 0.1046079116 0.3713996399 0.1672754947 0.07216878365 0.07216878365 0.6389107232 -0.1775858578 0.07216878365 0.07216878365 -0.4734617125 -0.06521342207 
0.1046079116 -0.2489454789 0.1672754947 0.3713996399 -0.2489454789 0.1046079116 0.1672754947 0.3713996399 0.07216878365 0.07216878365 -0.06521342207 -0.4734617125 0.07216878365 0.07216878365 -0.1775858578 0.6389107232 
0.2165063509 0.2165063509 -0.3080127019 -0.3080127019 -0.4257221742 0.2813846069 0.2693375673 0.2693375673 0.1046079116 -0.2489454789 -0.03684865055 0.5755237851 0.1046079116 -0.2489454789 0.5755237851 -0.03684865055 
0.2813846069 -0.4257221742 0.2693375673 0.2693375673 0.2165063509 0.2165063509 -0.3080127019 -0.3080127019 -0.2489454789 0.1046079116 -0.03684865055 0.5755237851 -0.2489454789 0.1046079116 0.5755237851 -0.03684865055 
-0.2489454789 0.1046079116 0.1672754947 0.3713996399 0.1046079116 -0.2489454789 0.1672754947 0.3713996399 0.07216878365 0.07216878365 -0.1775858578 0.6389107232 0.07216878365 0.07216878365 -0.06521342207 -0.4734617125 
-0.2489454789 0.1046079116 0.3713996399 0.1672754947 0.1046079116 -0.2489454789 0.3713996399 0.1672754947 0.07216878365 0.07216878365 -0.4734617125 -0.06521342207 0.07216878365 0.07216878365 0.6389107232 -0.1775858578 
